01788957264
01791173263
3641733
308000
01751699490
1931814
397566
015158778269
018122008708
01707781800
01726239609
015773565090
01775987162
2553119
2222325400040
01712819736
308866
017632137783
289565
2328074
017623232774
867235
308313
22042222
01773434363
287081
2553048
307698
308039
01711734982
36433450
3383670
062215850930
622198050
062211383620
062211383613
8936160
0622197370
4185558
0622150259595
409026
232542
363730
06202859430
06221140714
0622160430
06221604360
3637333
657700
163061
1383616
607217
