06221 – 56 8966
06221 – 56 8970
06221 – 56 5734
06221 / 56 0
06221 / 56 6220
06221 / 56 8781
06221 / 56 8080
06221 / 56 7211
06221 / 56 6996
06221 / 56 7856
06221 / 56 7971
06221 / 56 7011
06221 / 56 2319
06221 / 56 4467
06221 / 56 6351
06221 / 56 4878
06221 / 56 38888
06221 / 56 38961
06221 / 56 38961
06221 / 56 38961
06221 / 56 6254
06221 / 56 6604
06221 / 56 6655
06221 / 56 6604
06221 / 56 6613
06221 / 56 6625
06221 / 56 2898
06221 / 56 6613
06221 / 56 6695
06221 / 56 6695
06221 / 56 6619
06221 / 56 6613
06221 / 56 6613
06221 / 56 6642
06221 / 56 4573
06221 / 56 6634
06221 / 56 4807
06221 / 56 6201
06221 / 56 4878
06221 / 56 6202
06221 / 56 6220
06221 / 56 6220
06221 / 56 6215
06221 / 56 6209
06221 / 56 7807
56 38421
06221 / 56 6209
06221 / 56 6209
06221 / 56 36217
06221 / 56 6252
06221 / 56 6223
06221 / 56 6220
06221 / 56 6223
06221 / 56 38888
06221 / 56 6323
06221 / 56 6538
06221 / 56 36467
0160 / 90 86 03 72
06221 / 56 6224
06221 / 56 6225
06221 / 56 6281
0151 / 17408217
06221 / 56 39580
06221 / 56 6282
06221 / 56 6220
06221 / 56 6220
06221 / 56 6282
06221 / 56 6283
06221 / 56 6272
06221 / 56 6272
06221 / 56 6272
06221 / 56 6276
06221 / 56 6110
06221 / 56 6249
06221 / 56 39105
06221 / 56 6249
06221 / 56 6220
06221 / 56 6220
06221 / 56 6226
06221 / 56 6226
06221 / 56 6226
06221 / 56 6226
06221 / 56 6226
06221 / 56 6321
06221 / 56 7501
56 36470
06221 / 56 6321
06221 / 56 6327
06221 / 56 39458
06221 / 56 7901
06221 / 56 7938
06221 / 56 7901
06221 / 56 7856
06221 / 56 7934
06221 / 56 7945
06221 / 56 7971
06221 / 56 38938
06221 / 56 7946
06221 / 56 7985
06221 / 56 7883
06221 / 56 7934
06221 / 56 7934
06221 / 56 7938
06221 / 56 7926
06221 / 56 7934
06221 / 56 7934
06221 / 56 7910
06221 / 56 7910
06221 / 56 7921
06221 / 56 7934
06221 / 56 8321
06221 / 56 7934
06221 / 56 7921
06221 / 56 7921
06221 / 56 7921
06221 / 56 7918
06221 / 56 7934
06221 / 56 6701
06221 / 56 6724
06221 / 56 6701
06221 / 56 6752
06221 / 56 6999
06221 / 56 6752
06221 / 56 7238
06221 / 56 8501
06221 / 56 8590
06221 / 56 8501
06221 / 56 1606
06221 / 56 1606
06221 / 56 7011
06221 / 56 8533
06221 / 56 8533
06221 / 56 39061
06221 / 56 6739
06221 / 56 38543
06221 / 56 6739
06221 / 56 1606
06221 / 56 38547
06221 / 56 4801
06221 / 56 6739
06221 / 56 8551
06221 / 56 8201
06221 / 56 7611
06221 / 56 7611
06221 / 56 2300
06221 / 56 2319
06221 / 56 2319
06221 / 56 2319
06221 / 56 2319
06221 / 56 2319
06221 / 56 2319
06221 / 56 2375
06221 / 56 8471
06221 / 56 2319
06221 / 56 2322
06221 / 56 8363
06221 / 56 2311
06221 / 56 2319
06221 / 56 2311
06221 / 56 8278
06221 / 56 2348
06221 / 56 2326
06221 / 56 2373
06221 / 56 2319
06221 / 56 2348
06221 / 56 2326
06221 / 56 2326
06221 / 56 2326
06221 / 56 4555
06221 / 56 4555
06221 / 56 2311
06221 / 56 8381
06221 / 56 2319
06221 / 56 2319
06221 / 56 2319
06221 / 56 2319
06221 / 56 2308
06221 / 56 1983
06221 / 56 1983
06221 / 56 1983
06221 / 56 1983
06221 / 56 7977
06221 / 56 7977
0160 / 97830174
06221 / 56 1983
06221 / 56 1983
56 383324
06221 / 56 8488
06221 / 56 8466
06221 / 56 7691
06221 / 56 2311
06221 / 56 8228
06221 / 56 2337
06221 / 56 2337
06221 / 56 8601
06221 / 56 8601
06221 / 56 8787
06221 / 56 8782
06221 / 56 8787
06221 / 56 8675
06221 / 56 8787
06221 / 56 8683
06221 / 56 8787
06221 / 56 8649
06221 / 56 5879
06221 / 56 8774
0151 / 16759423
0151 / 14511274
06221 / 56 8781
06221 / 56 8670
06221 / 56 38713
06221 / 56 8672
06221 / 56 8696
06221 / 56 8693
06221 / 56 8080
06221 / 56 38026
06221 / 56 8693
06221 / 56 8692
06221 / 56 8696
06221 / 56 8855
06221 / 56 8855
06221 / 56 8855
06221 / 56 8855
06221 / 56 8694
06221 / 56 8693
06221 / 56 8862
06221 / 56 8730
06221 / 56 8694
06221 / 56 8705
06221 / 56 38717
06221 / 56 8703
06221 / 56 8705
06221 / 56 6538
06221 / 56 8702
06221 / 56 8781
06221 / 56 8781
06221 / 56 38098
06221 / 56 380020
06221 / 56 8001
06221 / 56 8030
06221 / 56 8030
06221 / 56 8009
06221 / 56 2781
06221 / 56 8009
06221 / 56 8781
06221 / 56 8169
06221 / 56 4106
06221 / 56 2781
06221 / 56 8030
06221 / 56 8008
06221 / 56 8101
06221 / 56 8101
06221 / 56 8251
06221 / 56 6561
06221 / 56 6565
06221 / 56 6565
06221 / 56 6565
06221 / 56 6002
06221 / 56 6011
06221 / 56 7343
06221 / 56 6032
06221 / 56 6040
06221 / 56 6040
06221 / 56 6040
06221 / 56 7304
06221 / 56 38919
06221 / 56 7304
06221 / 56 7336
06221 / 56 7315
06221 / 56 7315
06221 / 56 7315
06221 / 56 6565
06221 / 56 7315
06221 / 56 7304
06221 / 56 6990
06221 / 56 7229
06221 / 56 4801
06221 / 56 4801
06221 / 56 4807
06221 / 56 8717
06221 / 56 8425
06221 / 56 6301
06221 / 56 38099
06221 / 56 6301
06221 / 56 6307
06221 / 56 7211
06221 / 56 6307
06221 / 56 8211
06221 / 56 5656
06221 / 56 8211
06221 / 56 7507
06221 / 56 7504
06221 / 56 7211
06221 / 56 6996
06221 / 56 7842
06221 / 56 7779
06221 / 56 7507
06221 / 56 7524
06221 / 56 7510
06221 / 56 7510
06221 / 56 7566
06221 / 56 38031
06221 / 56 38031
06221 / 56 8414
06221 / 56 7566
06221 / 56 7566
06221 / 56 38031
56 38121
06221 / 56 2751
06221 / 46 4431
06221 / 56 34553
06221 / 56 4466
06221 / 56 4431
06221 / 56 4431
06221 / 56 4431
06221 / 56 4446
06221 / 56 6885
06221 / 56 4431
06221 / 56 4431
06221 / 56 4436
0179 / 8301926
06221 / 56 8649
06221 / 56 5879
06221 / 56 8774
0151 / 16759423
0151 / 14511274
06221 / 56 8781
06221 / 56 6918
06221 / 56 6914
06221 / 56 6914
06221 / 56 4466
06221 / 56 6914
06221 / 56 4436
0179 / 83 01 926
06221 / 56 38789
06221 / 56 32365
06221 / 56 4701
06221 / 56 8151
06221 / 56 8150
06221 / 56 8137
06221 / 56 8140
06221 / 56 8152
06221 / 56 8151
06221 / 56 4701
06221 / 56 4701
06221 / 56 7611
06221 / 56 8201
06221 / 56 7603
06221 / 56 7611
06221 / 56 7611
06221 / 56 8201
06221 / 56 7611
06221 / 56 6410
06221 / 56 38089
06221 / 56 6435
06221 / 56 36435
06221 / 56 38080
06221 / 56 36418
06221 / 56 36421
06221 / 56 6427
06221 / 56 7731
06221 / 56 37754
06221 / 56 7732
06221 / 56 2329
06221 / 56 2330
06221 / 56 2319
06221 / 56 5151
06221 / 56 5088
06221 / 56 5087
06221 / 56 5093
06221 / 56 5092
06221 / 56 5093
06221 / 56 5407
06221 / 56 39568
06221 / 56 8311
06221 / 56 7821
06221 / 56 38092
56 38094
0171 / 63 40 087
06221 / 56 38092
06221 / 56 38094
06221 / 56 39999
0171 / 6340087
06221 / 56 4904
06221 / 56 7846
06221 / 56 5001
06221 / 56 5021
06221 / 56 35021
0171 / 6340089
06221 / 56 5344
06221 / 56 2999
06221 / 56 34904
06221 / 56 8781
06221 / 56 2999
06221 / 56 2999
06221 / 56 4000
06221 / 56 4025
06221 / 56 4026
06221 / 56 4373
06221 / 56 4040
06221 / 56 4012
06221 / 56 4013
06221 / 56 4007
06221 / 56 5546
06221 / 56 4019
06221 / 56 39809
06221 / 56 4005
06221 / 56 2601
06221 / 56 2603
06221 / 56 8803
06221 / 56 8802
06221 / 56 6652
06221 / 56 2755
06221 / 56 5391
06221 / 56 8522
06221 / 56 6744
06221 / 56 38375
56 38376
56 38385
06221 / 56 39807
56 38388
06221 / 56 37694
06221 / 56 8764
06221 / 56 2792
06221 / 56 36022
06221 / 56 7621
06221 / 56 5261
06221 / 56 6652
06221 / 56 38041
06221 / 56 4436
06221 / 56 4491
06221 / 56 4421
06221 / 56 4456
06221 / 56 5498
06221 / 56 7144
06221 / 56 5244
06221 / 56 5869
06221 / 56 38660
06221 / 56 4743
06221 / 56 4825
06221 / 56 4814
06221 / 56 4552
06221 / 56 7090
0 62 21 – 56 78 42
0 72 61 – 66-0
0 62 21 - 319 – 0
0 72 61 – 19 29-2
0 62 21 – 88 40 10
0 62 21 – 6 540 263
0 72 53 – 82 52 00
0 62 23 – 82 22 78
0 62 21 - 319-0
0 72 61 – 19 29-2
07 21 – 59 61-209
0 72 48 – 9 18 10
0 40 - 69 79 17 15
09 31 – 2 50 13 00
0 62 21 – 31 46 33
0700 - 467 467 00
0 62 21 – 41 24 81
07 11 - 92 54 10
0 62 21 – 16 05 63
0 62 21 – 2 52 63
0 62 21 – 3 19 15-32
0 62 21 – 88 26 66
0 62 21 – 47 21 35
0 62 22 – 23 41
0 62 21 – 41 28 19
0 62 21 – 3 70 30
0 62 23 – 60 60
0 62 23 – 48 89 99
0 62 21 – 58-38 390
0 62 21 – 58-38 390
0 62 21 – 5 84 90 00
0 62 21 – 5 83 70 00
0 62 21 - 77 91 88
0 62 21 – 3 88-1
0 62 21 – 7 87 50
0 62 21 – 89 37 00
0 62 21 - 14 97 44
06221 – 33 90-0
0 62 21 – 5 84 90 00
0 62 21 – 5 22 12 57
0 62 21 – 5 82 53 00
0 62 21 – 5 84 90 00
0800 – 4 05 02 00
0 62 21 - 90 10 37
0 62 21 – 16 08 64
0 62 21 – 9 01 00
0 62 21 – 3 30 30
0 62 21 – 58 49 000
58 38 390
0 62 21 – 3 30 30
06221 – 5 37 50
0 62 21 – 90 10 33
0 62 21 – 9 78 30
0 62 21 – 16 08 64
0 62 21 – 90 10-0
0 62 21 – 3 30 30
0 62 21 – 53 75-0
0 62 21 – 72 00 22
0 62 21 – 97 83-0
0 62 21 – 18 24 28
0 62 21 – 58 49 000
0 62 21 - 58 49 000
0 62 23 – 21 55
01 72 – 66 90 500
0 62 21 – 8 90 15-10
0 62 21 - 58 47 98 0
0 62 21 - 5 22-0
0 62 22 - 30 73 42 29
0 180 – 5 01 65 65
0 62 21 - 58-37 000
0 62 21 - 58-37 000
0 62 21 – 58 49 000
58-37 39-0
0 62 21 - 58-47 980
0 62 21 – 52-21 866
0 18 05 – 09 30 93
0 62 21 – 1 00 04
0 62 21 – 3 30 30
0 62 21 – 9 01 00
0 62 21 – 5 37 50
0 62 21 – 72 00 22
0 62 21 – 5 22-0
0 62 21 – 60 09 08
0 62 21 – 82 81 70
0 62 21 - 40 03 31
0 62 21-1 31 10
0 62 21 – 58-49 000
58 37 390
0 62 21- 52 20
5 22 28 88
0 62 21 – 58-38 690
58-38 920
0 62 21 – 5 22-13 68
0 62 21 – 43 62 23
0 62 21 – 1 31 10
0 62 21 - 58-37 000
0 62 21 – 5 22-0
0 62 21 – 5 22-0
5 22-28 88
0 62 21 – 52 65 20
0 62 21 - 53 75 40
0 62 21 - 56-63 31
0 62 21 – 70 04 07
0 62 21 – 18 42 90
0 62 21 -1613 31
0 62 21 - 5 88 74 74
0 62 21 - 60 04 60
0 62 21 - 83 64 18
0 62 21 - 30 25 17
06221- 65 40 -201/ -229
0 72 61 - 33 95
0 62 21 - 319 - 0
0 62 02 - 92 44 22
0 62 01 - 6 55 78
0800 – 1 11 01 11
06 21 – 8 20 05 10
0 62 21 – 90 05 10
0 62 21 – 5 24-0
07 21 – 81 07-0
0 62 21 – 8 90 15-10
06 21 – 8 20 05 10
06 21 – 90 05 10
06 21 – 1 59 10
0 62 21 – 2 52 63
0 62 21 - 16 05 63
0 62 21 – 60 10 64
0 62 94 – 42 81-0
0 22 02 – 9 89 98 11
0 22 02 – 9 89 99 10
0 21 59 - 81 56 22
0 1805 – 51 25 12
0 62 21 - 58-38 360
0 62 21 – 7 39 21-0
0 18 05 – 09 30 93
0 18 05 – 09 40 94
0 62 21 – 58 49 00-0
0 30 – 1 84 41-0
0 30 – 1 84 41-19 21
0 30 – 1 85 27-0
0 30 – 1 85 27-18 30
0 62 21 – 5 24-0
0 62 21 – 5 24-7 39
0 62 21 –2 52 63
0 62 21 – 53 75 40
0 62 21- 53 75 75
0 62 21 – 7 39 21-0
0 62 21 – 7 39 21-50
0 62 21 – 41 24 81
0 62 21 – 3 19-0
0 62 21 - 3 19 - 15 00 / 01
0 62 21 - 3 19 - 15 05
0 62 21 - 33 90 0
0 62 21 – 43 62 23
0 62 21 - 56-63 31
0 62 21 - 56-43 20
0 62 94 - 42 81-0
0 62 94 - 42 81-79
09 31 – 25 01 30 - 0
09 31 – 25 01 30 - 39
0 62 21 – 33 03-0
0 62 21 - 33 03-33
0 62 21 – 90 05-10
0 62 21 – 90 05-40
06 21 – 8 20 05-10
06 21 – 8 20 05-20
06 21 – 15 91-0
0 40 - 69 79 17 15
0 62 21 - 72 00 22
0 62 21 - 41 01 59
0800 – 40 50 200
0 72 48 - 91 81-0
0 72 48 - 91 81-71
07 11 – 9 25 41-0
07 11 – 9 25 41-44
0 62 21 – 90 10-0
0 62 21 - 90 10-60
0 62 21 - 90 10-37
0 62 21 – 90 10-33
0 62 21 - 53 75-0
0 62 21 - 53 75-75
0 62 23 – 82 22 78
0 62 23 - 21 55
0 172 – 6 69 05 00
0 62 21 - 60 09 08
0 62 21 - 58 67 68
11 03 63
0 18 05 - 01 65 65
0 18 05 - 51 07 00
0 72 61 – 19 29-2
0 700 – 46 74 67 00
0 62 21 – 5 26-5 20
0 62 21 – 5 26–9 60
0 62 21 – 70 04 07
0 40 – 36 03-26 61 24
0 62 21 – 8 28 17 -0
0 62 21 - 8 28 17 –20
07 21 – 81 07-0
07 21 – 81 07-461
0 62 21 - 40 03 31
0 62 21 – 97 83 0
0 62 21 - 97 83 33
07 21 – 59 61-209
07 21 – 59 61-174
0 62 21 – 65 40-263
0 62 21 – 65 40-558
0 62 21 – 88 40 10
0 62 21 - 5 22-0
0 62 21 – 5 22-14 77
10 46 80
0 62 21 – 5 22 12 57
0 62 21 - 5 22- 13 68
0 62 21 – 5 22-18 66
0 62 21 – 5 22-9 18 66
0 62 21 – 5 22 12 84
0 62 22 - 30 73 42 29
0 62 21 – 52 20
0 62 21 – 89 37 00
0 62 21 – 16 08 64
0 62 21 – 60 14 61
0 62 21 – 7 87 50
0 62 21 – 3 19 15 32
0 62 21 - 14 97 44
0 72 53 – 82 52 00
0 62 21 – 58 38 36-0
0 62 21 - 18 19 18
0 62 21 - 18 24 28
0 62 21 - 58-38 33-0
0 62 21 - 4 37 97 82
0 62 21 - 72 00 22
0 62 21 - 43 77 00
0 62 21 - 70 05 55
0 62 21 - 33 45 40
0 62 21 - 80 44 27
0 62 21 - 58-38 36-0
0 62 21 - 58-38 99-0
0 62 21 - 83 04 21
0 62 21 - 80 44 27
0 72 61 – 6 60
0 62 21 - 72 01 01
0 62 21 - 78 59 41
0 62 21 - 48 06 86
0 62 21 - 41 81 56
0 62 21 – 4 37 92 99
0 62 21 – 4 37 92 89
0 62 21 - 41 25 77
0 62 21 - 41 07 82
0 62 21-16 05 63
0 62 21 - 58-37 000
0 62 21 - 58-38 900
10 55 20
221 – 58-38 690
0 62 21 – 58-38 900
0 62 21 - 58-47 980
0 62 21 - 58-47 98 0
21 – 58-49 000
0 62 21 – 58-38 990
06221 – 8 90 15-10
0 62 21 - 58-25 300
0 62 21 – 58-25 390
0 180 5 – 09 30 93
0 180 5 – 09 40 94
0 62 21 – 56 78 42
0 62 21 - 1 31 10
0 62 21 – 3 88-1
0 62 21 – 33 75 22
0 62 21 - 60 10 64
0 62 21 – 89 24 48
06 21 – 1 76 83 69
0 62 29 – 69 02 98
0 1805 – 09 30 93
0 62 21 – 18 30 83
0 72 61 – 66 19 62
0 62 21 – 2 14 00
0 62 21 – 58-37 391
07 21 – 59 61-206
0 62 21 - 65 40-221
0 62 02 – 92 44 22
0 62 21 – 5 02 59 60
0 62 21 – 56 75 04
0 62 21 – 31 46 33
0 62 21 – 18 32 00
07 21 – 9 52 06-13
0 72 53 – 8 25-207
0 62 21 – 41 20 56
0 62 21 – 18 42 90
0 62 21 – 30 25 17
0 62 21 – 83 64 18
0 62 23 – 55 54
0 62 21 – 78 60 54
0 72 61 – 33 95
0 62 21 – 16 05 63
0 62 22 – 23 41
0 62 21 - 88-0
0 62 21 – 88 40 74
10 55 20
0 62 21 – 58-18 250
56 – 38629
56 - 37591
56 - 1987
